"","Date_of_Death","Deaths_Reported_Yesterday","Deaths_Reported_Today","New_Deaths_Reported","Female","Male"
"1","5/23",1,1,0,0,1
"2","5/26",1,1,0,0,1
"3","5/28",2,3,1,2,1
"4","5/29",0,2,2,1,1
"5","5/30",5,8,3,5,3
"6","5/31",10,15,5,6,9
"7","6/1",14,15,1,3,12
"8","6/2",5,17,12,5,12
"9","6/3",0,11,11,3,8
"10","6/4",0,1,1,1,0
