"","Date_of_Death","Deaths_Reported_Yesterday","Deaths_Reported_Today","New_Deaths_Reported","Female","Male","Has_Chronic_Illness","No_Chronic_Illness","Chronic_Illness_Uncertain"
"1","5/23",1,1,0,0,1,1,0,0
"2","5/26",1,1,0,0,1,1,0,0
"3","5/28",2,3,1,2,1,1,2,0
"4","5/29",0,2,2,1,1,2,0,0
"5","5/30",5,8,3,5,3,8,0,0
"6","5/31",10,15,5,6,9,12,2,1
"7","6/1",14,15,1,3,12,12,3,0
"8","6/2",5,17,12,5,12,16,1,0
"9","6/3",0,11,11,3,8,8,3,0
"10","6/4",0,1,1,1,0,1,0,0
